3.021897
1.719008
2.206579
1.072513
2.921882
0.809000
1.639978
0.723729
1.768190
0.050014
0.414402
3.689861
0.567300
0.944798
0.697668
0.172911
0.249232
1.003777
4.653998
0.032941
0.779690
9.090678
1.373953
0.475804
2.922195
3.756484
1.989420
1.122405
2.597671
0.381330
1.243564
3.429041
8.586652
2.401035
1.416643
4.154079
0.693929
2.687471
4.059720
5.637136
1.588733
5.633909
3.626363
4.424975
1.227800
17.136897
16.012642
1.436413
0.524865
1.739511
3.704865
0.013907
1.889808
0.875800
0.789676
0.072223
0.560459
0.381774
2.090282
1.549433
1.897675
0.996893
0.827726
0.280805
3.294068
0.473557
0.806120
2.457135
0.686572
1.460381
1.381525
0.977039
1.512049
4.541185
0.182996
3.241252
0.525897
4.776419
2.552714
4.630206
4.141240
1.723101
10.886099
2.606101
6.272485
2.218936
13.794790
14.452567
5.986339
13.053133
16.556820
1.885891
9.832267
1.587014
13.555256
2.534512
5.784320
25.938031
2.892985
5.420572
23.394152
5.644240
4.830014
0.982438
5.798597
2.958153
5.671687
2.341165
2.453671
12.654478
2.376128
5.014509
9.376899
1.716717
1.741592
0.589072
0.298984
10.414846
2.246304
7.136899
23.910191
12.829856
1.761638
6.531483
6.474180
15.917091
12.282409
5.672460
7.746007
0.269926
0.861485
1.455118
24.751314
15.166538
1.840475
15.130582
1.510379
0.920044
9.598553
9.077923
1.957990
2.605520
0.730487
12.364422
3.514916
9.512741
3.114017
1.697193
7.147466
7.904971
7.302299
26.144373
10.450613
0.744762
7.176350
65.262603
2.401864
11.998906
23.935325
14.401661
5.166820
14.765985
0.744335
24.572579
11.298878
28.263833
0.526633
1.695247
2.356762
0.430799
4.134810
0.132407
1.680581
2.399826
1.623709
0.074152
1.291770
0.837219
0.836586
0.298396
1.365278
1.335637
0.642393
0.610942
1.023936
0.137490
1.222737
0.847558
0.199635
1.464534
3.626092
0.585018
2.368748
1.453263
4.617943
2.252656
1.792061
0.980912
1.327167
0.839524
0.087260
1.726971
0.504064
0.194909
7.295119
2.647415
4.244746
0.886851
0.086186
2.086753
1.369690
0.492090
0.288988
6.461721
6.803687
17.985726
13.472077
43.645211
2.606372
3.288212
4.107327
2.148079
0.417184
3.146226
1.643063
2.212502
2.407692
2.267483
1.535068
1.369240
0.285191
4.462402
0.447897
25.058723
7.522363
19.264953
1.030954
1.621144
11.035010
6.584123
0.701781
5.132004
3.035768
3.751057
3.988585
0.845834
0.372328
0.158405
3.520338
0.807190
3.672553
3.239906
2.333451
1.630141
1.770492
0.385924
2.817530
2.040881
2.184900
0.763176
1.848564
0.104276
0.406607
0.788477
1.061907
3.294585
2.141110
6.331945
14.354391
0.490107
6.061945
6.399579
1.417251
20.841839
9.103833
2.698716
7.280222
22.839197
17.370461
15.299596
15.544770
4.656135
4.098834
1.617773
7.597964
10.660462
2.269626
7.291259
7.418009
0.070994
0.297360
0.622927
1.461402
0.338512
1.614497
1.782875
0.217881
0.732403
0.068774
0.166567
0.872800
0.279458
6.366039
0.319584
1.837292
3.213579
1.382571
0.672488
1.190270
0.380142
1.878882
2.606099
0.116580
0.836149
1.626701
0.370241
2.866449
5.253832
0.437643
0.477588
0.828419
0.607871
0.115837
0.260454
2.514337
0.469753
0.580681
4.738959
0.295024
3.411727
0.964539
0.423292
0.006962
1.102270
1.145217
4.929125
0.567639
0.318621
0.171278
0.002659
1.010579
3.592874
0.858642
1.410225
0.862973
0.979829
0.195771
14.081652
20.929065
5.278757
3.101758
6.295050
17.577088
15.151920
4.068545
0.474964
4.521619
2.983598
0.818629
1.141784
8.102067
5.032769
2.290621
20.993196
0.333656
7.527947
6.647910
5.282871
2.144044
0.186259
3.805342
0.552533
7.684705
15.290614
3.895953
5.889518
8.785127
14.109988
4.550180
1.810448
4.789533
6.562885
10.271631
1.796045
12.698965
13.367828
3.505027
5.854013
6.337948
7.275051
1.731128
2.619791
0.584016
0.795675
10.795091
6.824258
0.336900
11.544363
19.719971
13.842766
0.502370
8.343986
6.565970
30.153169
1.226053
3.899781
1.709453
4.217911
0.300411
2.300376
4.364185
50.556560
3.092687
19.994642
21.632540
2.179813
0.775656
0.235907
2.327524
15.285429
7.481237
3.137637
8.565027
22.808891
23.821862
1.874789
4.700326
0.714290
7.175166
12.438386
3.520562
6.415550
1.283570
14.950081
2.682471
14.834147
1.248988
8.820311
5.914069
16.771947
18.488741
1.867665
23.214260
21.150119
38.866982
16.603029
17.116032
7.158972
2.267751
0.157112
34.997996
1.097350
0.249082
0.637701
3.057441
0.008337
1.375145
2.997003
0.639077
2.750583
3.181715
1.648454
2.300467
0.803621
0.642767
1.099483
0.897451
0.365305
2.165542
0.096399
0.804045
8.482525
1.561224
7.835661
9.495081
2.238878
26.159249
15.615180
5.722214
0.093199
2.671053
1.012638
2.502399
2.110370
0.671187
0.250343
3.581378
3.901021
0.405350
2.054371
0.355751
0.492394
2.483329
0.634238
2.212732
5.051404
2.187551
19.037118
9.840152
17.454635
0.885891
20.419096
6.067271
4.189424
18.047579
4.035706
3.820995
4.652272
0.368571
2.460356
3.286676
1.406856
5.254942
0.270850
8.309504
6.250633
1.724472
9.018243
11.095407
0.341498
7.233255
1.260491
2.214254
1.979249
0.426975
3.014868
1.044832
0.973330
0.578199
1.335351
1.897490
1.809233
7.848300
2.188384
8.803974
17.332096
6.065171
37.926525
0.147521
0.042243
14.348935
13.085665
9.500935
13.046515
3.084515
41.666420
8.564683
6.438829
20.265658
6.598572
7.031248
2.289974
20.494053
8.062167
0.922164
20.814753
2.741866
25.228570
1.414473
9.195719
3.913779
1.330911
8.213851
3.241235
3.585136
1.569960
9.142694
6.163009
1.863875
1.174049
12.107068
8.074408
0.441106
9.282417
15.191504
1.585166
2.026130
2.736598
2.478558
3.153124
1.356551
17.999076
2.371250
0.751710
15.154859
5.239926
5.480021
45.300683
2.133471
1.863132
1.846216
11.933557
10.295938
4.047762
1.512079
13.004569
4.855660
0.421756
0.673407
1.870010
1.080242
0.516295
4.660786
2.456098
11.666182
3.433480
22.307402
15.482460
0.797194
2.729254
23.855610
8.305354
3.169761
3.045012
4.833510
3.388227
17.548048
1.628611
9.287002
1.937699
12.644209
8.061445
0.514688
10.547337
3.273979
2.039865
4.086132
2.752945
2.582796
10.830378
22.181326
3.579229
16.173442
4.182430
14.366564
8.973465
13.494260
5.981505
9.600908
15.515929
3.053150
1.394051
3.899042
1.543814
0.777138
11.268110
0.977600
20.244309
6.278347
15.999533
8.051018
0.948425
10.378546
0.497640
7.594872
3.040806
3.170794
15.122585
17.254586
32.704199
3.994583
12.653832
0.876608
1.429793
1.392160
1.220495
0.203300
0.502466
2.097355
0.560112
0.431628
0.018155
2.485459
3.551541
0.794376
0.018161
11.411546
1.559072
4.094455
0.829035
21.332232
7.815544
1.647307
18.406895
19.903701
0.214269
1.008353
2.513515
0.790925
2.229362
5.109679
0.879130
1.712649
0.687729
0.174238
0.855726
0.922274
0.152719
1.803616
2.090137
0.778403
0.380584
0.735134
0.050384
1.683688
0.587903
13.900879
1.836563
5.298974
11.601424
14.071691
16.835402
13.668466
21.892826
11.341072
16.716265
20.356837
3.080004
2.590903
4.124803
9.424431
2.311945
0.320847
1.280914
3.604539
0.977769
0.579512
0.245225
0.570355
1.053598
1.094766
1.223194
2.319168
0.378952
0.115237
0.275774
0.447616
1.116654
18.222608
1.164640
3.020555
1.412160
0.584934
6.223777
7.327479
0.532431
15.590350
17.775464
2.940665
2.328810
1.891646
1.606770
6.218351
0.520976
14.784671
9.733131
17.633175
1.734880
7.857003
1.452693
7.337555
7.048741
4.198899
19.368670
2.199767
1.805353
0.233121
1.685355
4.061143
11.551350
5.993663
5.839700
1.542769
23.927130
20.482304
25.464528
1.742220
8.443657
14.744749
10.063371
1.470844
1.392597
0.683139
0.276117
1.649592
0.016517
1.405819
1.714892
0.410198
0.847000
1.294363
1.742618
2.435965
0.050923
0.046413
0.720764
1.715561
0.460248
2.832711
1.330901
2.788158
1.984655
0.036981
1.371139
0.028412
0.099901
4.646734
2.714970
0.122474
1.259096
0.433674
1.608784
5.534861
10.130317
1.793115
13.097308
1.282963
1.972589
0.932391
0.677256
4.768682
3.201022
1.073959
1.434474
11.913973
32.837271
6.035619
7.927416
17.928680
3.713548
5.988331
4.324490
1.189846
15.071302
5.776815
1.921532
29.037228
18.001759
10.454033
17.469819
12.401768
5.667412
40.124393
3.837695
1.003607
5.370339
1.765954
10.830451
6.245620
10.758213
3.676407
3.903355
1.467132
0.271386
0.175462
0.300013
1.716900
1.651778
0.010413
0.003478
1.155300
2.500922
0.915217
0.161127
0.178169
3.258673
2.071659
0.948226
3.079007
1.420317
1.563302
3.687577
8.399658
0.655559
2.804278
1.596541
3.055288
2.372544
4.068758
1.178321
3.461418
16.083293
1.433947
16.076198
35.103789
10.177011
1.345958
2.444988
7.207662
22.073397
1.094239
3.528369
10.255100
7.349529
0.173315
2.660223
5.741746
9.035883
14.079175
13.817624
3.233281
17.945960
1.948028
2.073298
41.597250
4.141874
0.454586
15.696172
13.323468
14.921050
0.518150
3.732087
8.372055
6.350290
10.898392
2.049154
2.408847
0.957316
0.121988
0.168408
28.045484
1.195976
0.726585
2.566825
11.151826
0.248589
27.571480
2.716749
10.269029
1.409144
9.213024
25.176581
5.816146
11.446652
1.549280
25.997793
18.976164
38.806491
4.849594
6.014276
1.118715
0.382128
10.884928
5.676753
2.705048
11.890796
10.098984
3.555928
1.296452
3.450663
4.754219
23.591333
13.084503
0.488037
10.700542
1.548669
0.659669
0.830182
0.212738
2.082470
2.668955
1.559772
0.015651
0.745456
0.683014
1.139714
1.089032
0.464233
4.565601
9.731953
21.143889
0.962856
11.847898
13.389156
14.132093
2.791086
2.807683
9.579454
0.271510
12.136955
3.773216
0.501800
6.253679
13.096658
32.664358
22.495423
0.483222
4.268766
0.400806
5.856394
2.333434
1.389196
6.528607
6.413706
1.181212
40.994294
8.943344
1.179052
4.417904
7.191061
3.926058
14.404174
6.202483
26.666867
4.485648
9.919977
8.132893
39.203170
16.569577
0.020234
13.684323
9.346614
8.329231
13.677489
2.281814
17.907060
26.844064
9.323594
3.001205
13.124922
3.659558
0.323085
14.412407
6.763440
12.992870
2.697241
10.296526
0.560200
8.528075
2.813982
5.352717
8.532393
2.405118
4.908864
5.046246
12.444275
14.868794
6.229466
4.594202
1.197247
0.015686
1.696410
0.238261
3.170035
0.304086
1.792456
5.121207
0.121492
2.884306
18.230609
1.934157
6.667582
6.768717
3.524534
0.103556
0.557831
0.160263
1.031923
0.818548
0.932674
0.111256
3.666187
1.849089
0.967429
1.782161
0.263763
0.754244
3.868374
0.856714
3.790968
2.035786
1.138424
3.987208
0.857646
0.387285
5.785792
1.387428
3.225176
0.095905
0.157541
0.395567
1.764768
4.430583
0.029285
1.200404
2.426845
2.664198
0.665567
2.766856
2.602269
14.637731
2.327122
10.523872
3.346810
15.178502
8.744101
18.852926
0.168293
1.911607
2.401399
1.172015
3.450854
0.995068
0.466655
1.243696
0.316626
2.710158
0.961001
0.505859
0.145901
0.712872
2.954053
3.307841
5.617267
0.601641
1.185136
2.009193
0.424740
0.892245
0.199211
0.129763
1.046787
1.492237
0.317488
4.900234
1.812598
3.282276
19.855086
16.879371
1.029335
1.935856
1.799900
5.011888
4.834892
3.053770
8.288954
5.907955
18.676790
22.351311
11.566351
6.700167
3.064454
10.191984
5.873345
24.707131
19.008811
5.242016
6.769325
10.160677
8.311860
3.321245
20.907298
20.423583
6.569548
2.066732
2.560329
5.829523
3.102652
8.871796
5.974512
10.169193
3.755645
0.330478
9.913912
12.811335
9.645785
0.054034
0.487156
6.256519
18.313141
10.107899
0.175530
44.565674
8.751266
11.971605
1.859841
6.011698
20.712716
9.506563
14.105802
0.563832
5.359620
2.174912
12.953743
21.298694
7.125045
2.589670
4.335775
17.259049
26.821412
0.842483
0.239094
1.168333
0.946959
3.785436
0.354256
6.723249
3.701830
0.749559
9.562021
10.748210
1.068550
0.251812
6.244303
5.941374
6.888084
0.597225
0.099466
1.648005
0.990715
3.350905
0.138021
0.121080
0.511283
0.461505
0.121309
1.008722
0.965501
1.978136
3.113634
0.766668
0.528300
0.966621
2.006690
5.310932
4.705811
1.514510
15.401647
2.161967
13.339432
3.034855
8.702257
6.954447
20.634669
1.599273
7.102180
0.748432
27.904963
7.528678
18.158956
0.099180
21.973106
15.950606
0.752044
8.247850
2.154027
0.382669
0.687744
7.733839
0.318638
0.018368
14.736715
6.069210
17.201133
5.997894
1.454927
3.165478
31.528590
32.105029
2.368216
5.432994
2.651708
9.743336
3.186258
4.760116
8.773098
6.702951
11.847036
1.383956
9.183896
7.426362
9.033849
27.126841
10.703391
4.883331
0.395398
0.296951
4.733047
1.541105
0.248139
0.200633
1.611294
0.360437
0.576871
6.270095
0.965040
4.928956
1.996417
0.317171
0.222324
1.006285
6.921207
2.130909
0.087390
2.049254
0.909053
1.971323
0.206117
0.145124
0.213483
0.204728
0.147047
1.258255
0.214435
0.160332
0.212674
0.432393
0.125071
11.983861
14.676213
1.825818
0.673608
0.387758
0.451889
2.612085
0.473588
1.521233
2.625091
18.623480
0.898167
2.383381
1.843778
11.665851
5.059976
5.478410
5.536047
5.536553
0.376265
8.986598
19.958537
10.447730
2.058329
11.853968
4.598804
3.066866
8.485123
4.299119
3.429801
10.769450
15.261604
11.058763
10.541720
1.518428
3.149127
1.815982
0.221837
1.309410
11.146345
19.960372
0.340228
0.647371
1.684138
0.450911
0.284229
0.014356
0.782989
0.296216
1.182889
0.925588
17.367567
7.319871
0.296923
6.637530
3.577446
0.877056
0.623467
5.555743
40.096640
7.271411
13.376415
1.411859
12.084254
1.117088
2.566701
1.224242
0.383213
1.344505
0.873050
1.890403
1.326889
0.157104
1.959401
1.422403
2.103929
0.131858
0.847412
0.636254
0.339078
1.074877
2.877684
0.306865
2.937493
1.115097
0.221701
3.789521
3.121007
4.391741
3.519886
2.597762
0.040177
9.768989
17.785684
4.069655
9.259587
14.087633
2.069786
10.760237
2.107207
3.956068
2.305950
2.092328
2.225426
32.046559
7.740018
10.438045
14.100775
15.330242
0.201360
1.052557
0.600694
0.050446
1.725138
5.563710
1.616584
1.093348
3.132311
1.889642
14.058097
0.461781
3.306733
0.454716
1.413035
3.407236
2.804746
0.243153
1.853083
6.994826
4.994223
8.035049
21.591858
11.518872
1.830858
5.152084
17.122971
28.078125
3.209182
4.543112
5.185796
8.557406
2.292262
5.363322
18.387482
5.480793
50.636109
12.960063
5.816243
2.776077
5.709264
5.382072
7.553142
2.364347
4.453776
10.164241
9.897845
0.783645
6.107412
13.403121
4.849668
11.313379
2.864546
6.382609
1.637001
4.195365
1.241164
8.311281
1.953616
0.791427
0.142300
0.370363
0.532622
0.968096
1.511871
1.631422
0.147794
0.573449
0.384125
2.393857
0.527662
1.330424
0.386272
2.106381
0.983030
0.302508
1.523818
1.690222
0.694308
2.742029
0.312831
0.186336
4.748665
7.689448
24.811993
0.784152
0.068921
5.597710
0.681562
0.000355
1.713782
0.008736
0.095924
2.151973
3.237416
1.789225
0.117978
1.972823
13.731434
10.170581
9.128029
3.985777
31.746645
3.755651
8.189971
4.511709
0.772048
3.878054
7.592710
1.822512
8.940449
21.520128
21.018242
3.342690
8.848198
7.295499
3.067507
7.602419
4.401381
3.152322
4.140629
10.776353
14.128717
22.606006
5.259314
11.902948
15.878629
0.639607
1.541493
18.546363
1.010346
5.956708
15.539527
25.730396
4.418636
0.365527
3.290660
4.709200
1.198970
0.763348
0.195608
4.338148
3.777978
9.241842
3.820012
3.481874
1.627929
2.281080
9.851660
14.586142
5.659403
1.969801
10.698176
2.277387
16.030604
1.720956
7.608668
32.917997
2.887507
3.811167
7.154390
3.433201
0.838666
6.134171
3.565231
3.863773
10.429216
9.275425
5.892952
0.607085
45.642128
10.951111
2.292779
1.117127
5.775256
0.300530
1.327690
4.141679
3.886445
2.036167
27.466050
8.426045
21.427555
10.076837
4.574444
0.275334
19.156980
1.365227
12.813523
1.970988
2.021219
6.013542
21.555675
2.647400
28.010626
23.316140
4.392957
9.822328
23.187544
4.204410
1.597049
0.011332
0.914734
1.153114
0.531746
0.122615
0.251005
0.113092
0.027041
2.760355
0.124890
0.449745
3.097690
0.496884
0.528037
0.880069
0.314520
3.635111
1.419335
1.754380
0.889234
3.345125
2.737987
0.564041
3.501256
10.727256
7.551189
13.973860
7.904911
5.620361
8.049418
3.590976
3.308698
0.379084
11.716309
11.398468
1.107395
0.296359
0.781443
3.018072
5.514117
0.089590
0.469023
0.290053
3.993412
1.118466
2.329546
2.080113
0.928078
1.039050
0.668814
0.531758
1.347923
1.119791
0.269869
0.184292
3.613761
12.450980
3.829975
6.986699
0.275324
1.233297
1.685474
2.133755
1.156447
0.742613
0.485409
1.730650
0.532772
0.253444
1.975820
3.954644
0.364062
8.521347
1.412350
0.829091
0.943770
3.707358
0.877160
1.132874
0.476930
0.618650
6.210283
5.811800
0.042848
0.548981
1.297127
1.272277
2.405561
0.783968
1.582709
0.329968
0.174234
1.502596
1.117426
0.585602
1.339049
2.412359
0.557277
0.876153
1.169939
4.064341
0.425855
0.172739
0.049537
2.244324
4.141235
6.649616
1.871589
20.700547
4.591006
19.264452
25.971488
4.705411
27.645420
2.020170
0.487239
0.266079
2.461374
0.983008
3.563433
1.048682
0.311285
1.855530
0.312657
1.268858
0.779203
0.503290
1.554237
1.283334
0.305125
0.467050
2.601992
0.133121
0.392586
0.069395
1.085584
1.130039
1.964844
2.383866
0.865375
1.778532
1.031297
0.130140
1.368027
1.427865
0.980887
1.312831
1.392318
0.363357
0.257320
1.450857
0.112612
1.077154
38.352757
1.208847
4.488096
10.040694
3.338910
41.658515
1.010175
20.202878
14.317170
4.518329
31.246097
9.002959
3.312846
3.447566
7.631763
1.372122
0.068292
6.178872
5.310253
19.306608
1.709783
1.576059
3.291017
4.793718
1.399419
3.577724
2.381628
1.075225
0.056328
2.162902
1.171025
0.546567
6.343094
1.785180
0.976217
1.190085
2.241280
0.590219
0.345150
0.334835
0.901165
1.338695
0.715159
0.135873
0.452142
0.953445
1.262909
0.156672
1.402365
2.429257
2.703971
2.196224
0.228297
0.105382
0.741108
1.026916
3.159122
0.205217
0.011532
7.228487
2.917421
0.620858
3.412877
0.128499
0.226198
7.008220
7.167390
16.183190
0.792992
1.081129
2.126651
1.412211
40.486032
1.065867
0.060369
17.236017
21.564798
16.346957
0.332241
4.971354
0.477575
0.581968
0.382044
0.176488
1.406901
2.194488
0.202380
1.263937
0.661798
0.585749
0.838246
1.779653
1.369002
5.462568
6.180714
0.780753
0.983202
2.682492
0.074982
2.746837
0.178852
0.265142
0.123156
1.539844
3.476726
0.314457
1.122767
1.310077
1.048692
0.105215
2.634076
0.828794
0.222068
0.013924
0.960125
0.980782
0.491041
0.580185
0.348753
1.126349
0.371027
1.205429
1.759361
0.594905
0.761766
1.242707
0.461971
2.479333
0.062681
0.622796
6.514016
14.347872
3.934723
2.889570
18.799894
56.842886
24.432462
5.112326
19.988315
5.481813
4.745410
2.521402
3.590717
14.539756
5.797582
2.414359
0.440557
0.083649
2.153578
5.624133
9.741422
1.619238
23.344593
12.701896
10.256002
16.215285
1.660093
15.052377
4.583203
1.693435
15.069863
2.531117
3.174750
2.706025
3.145822
6.180015
0.154604
2.309576
5.709251
0.874360
25.931530
4.082050
3.606291
0.190588
8.240763
25.771636
8.394314
25.846188
21.406136
7.929448
1.948199
30.217299
4.942680
16.425299
3.802207
5.935688
0.402508
0.107130
1.112638
0.557055
0.492990
3.619864
1.718731
0.407540
0.680328
2.576245
1.304138
4.678513
34.307662
3.669574
3.483810
1.718661
3.960479
16.041410
7.732675
4.589813
2.039428
7.576592
1.542805
28.739469
40.758410
4.912602
3.835070
7.210308
1.104845
5.207324
0.861950
32.324934
6.334611
0.356188
1.090830
0.547686
4.973234
3.321520
0.285437
2.690545
0.564321
4.170569
0.915553
0.627574
1.456443
1.131420
0.352680
2.604950
1.709433
0.257249
2.378789
2.382339
0.734045
3.762421
0.717585
0.661334
2.360404
1.158047
0.391829
3.267362
1.092794
1.851698
1.969475
0.211100
0.464833
1.458196
1.368427
1.060966
1.936473
0.357561
0.685862
1.009924
1.349793
0.638869
1.946876
0.269037
1.276882
0.539589
1.217718
3.773571
5.319028
0.233523
1.423174
0.905808
2.130327
0.014880
0.484721
1.087357
0.634719
0.115921
0.765346
0.280561
0.649155
0.371292
0.009000
1.471474
0.819931
2.087990
1.174275
1.966531
0.073303
2.364770
2.008514
9.263581
1.001545
0.314253
0.290189
0.841031
1.645613
0.289425
0.733019
2.833253
4.442323
6.346356
4.734725
12.925489
3.694149
11.039055
5.802426
3.062148
0.180559
0.073993
1.269790
0.148169
2.940897
2.055549
2.101635
3.068565
3.017857
1.928875
0.838877
0.416269
3.636568
1.014974
1.323352
0.344981
0.191921
7.982188
9.893613
1.702220
6.470855
8.970104
9.770035
3.554346
6.313967
19.249758
11.970367
1.768205
3.048090
11.761606
2.994586
5.949110
2.045304
10.889617
6.713974
2.147447
5.130848
1.730821
0.113883
0.693138
0.643027
0.069070
2.723982
2.048042
0.152933
0.466629
0.983823
1.641732
1.827889
1.589039
0.065219
2.324443
1.140149
6.635807
0.241188
0.389505
4.323692
2.184869
3.484924
1.020123
1.852230
0.542126
1.838134
4.601636
5.706629
17.615750
16.432404
0.292325
8.146449
0.340636
1.040184
0.625749
0.727565
0.219144
1.255057
1.106167
0.563076
3.922749
0.386613
2.394175
0.410495
2.858936
1.970689
2.977902
1.983625
0.255291
1.492545
0.165453
4.605330
0.640635
0.062892
1.849415
0.917119
4.497970
0.493381
0.012089
1.549144
0.054143
0.220227
0.123953
3.177853
1.061365
0.928165
1.907383
0.430917
1.140470
2.900770
0.833285
0.245287
0.221315
1.063155
2.501868
2.332644
16.173859
15.817949
10.384340
1.563234
4.265777
1.054568
0.915785
0.278975
1.332432
1.050589
1.447455
7.209914
8.598225
8.387763
4.495461
4.121895
2.073281
23.989704
0.070196
10.439916
4.005654
8.471356
13.827766
12.025208
19.269756
4.227029
5.956895
7.141649
7.152982
2.398166
2.674000
0.882676
5.600113
16.433952
5.850807
1.807670
2.600919
5.670592
16.855492
0.369938
0.212106
0.020458
0.072835
0.051111
0.334337
0.775383
0.397735
0.250198
0.366598
1.890148
3.553157
1.807782
2.867928
3.589814
9.259705
3.056078
1.067519
0.176600
1.737082
1.607357
0.292194
0.209285
0.490256
0.783649
0.124947
1.350749
1.942678
3.655569
0.472616
1.430763
0.215716
0.292062
2.638880
1.180341
0.548752
1.498274
0.014945
0.122840
1.465034
3.512981
0.443100
0.435582
1.144092
4.210906
0.211070
1.494558
2.503082
0.238560
3.761575
24.292735
4.573425
24.369357
16.844555
10.721436
0.252671
6.436834
19.805872
2.069891
3.694179
3.506234
5.423095
11.490671
5.555013
12.596552
0.485892
0.923343
1.647151
0.103222
0.311466
7.131157
33.805962
7.030538
1.108585
6.580599
1.157700
14.264814
5.155252
3.312458
0.841729
0.847046
0.002578
0.238154
2.941374
0.793295
2.991043
4.327707
16.354327
6.421756
3.349874
27.335908
2.837103
23.642989
4.036082
1.945859
3.866500
0.310027
1.975160
0.338235
0.554345
1.188465
1.275896
1.212792
3.252471
1.096685
0.500460
0.187366
0.396192
1.460817
1.096012
17.713252
0.770645
3.874627
11.169196
8.182436
0.854245
2.788720
4.019442
1.674084
13.202539
2.231072
10.578673
0.220864
2.018127
8.446117
27.980579
2.459557
3.210825
7.962602
1.296367
5.604777
3.197104
9.202675
1.372084
2.031783
0.732352
7.455387
12.078268
20.677247
2.609344
5.439704
5.660789
0.371163
0.503562
5.679601
7.337258
0.143032
0.216123
4.533761
2.613309
2.421015
1.280468
0.834362
0.492390
0.434107
0.380730
1.582939
0.937384
1.075976
1.881758
0.900921
1.321457
1.134465
0.743199
0.436362
0.189670
0.092609
1.614509
16.315472
0.287774
2.568115
1.743689
3.532409
1.588958
0.274529
3.043422
2.782775
0.876167
0.857388
0.846612
0.054091
0.831868
2.769545
0.020742
1.743593
0.090445
2.825809
0.005525
0.627983
1.103605
1.224365
0.849101
1.007321
0.729851
0.076497
1.467473
0.268786
0.735766
0.638598
1.258481
2.096898
0.072131
1.004429
6.554862
23.798741
14.853172
14.788864
14.648378
0.526170
0.303423
2.514776
0.179795
0.958659
0.713070
1.039446
2.287943
0.946787
0.210552
3.736730
0.073524
2.527251
1.086259
3.026370
1.497821
2.746231
0.340490
1.796993
3.871311
2.898502
2.074641
0.563209
0.538888
0.489572
3.012238
0.570589
4.168752
2.318225
0.459493
3.199832
0.658388
1.471295
1.336257
3.243715
1.106611
1.421364
1.006905
3.204552
1.472876
3.476488
1.094268
0.222410
1.791341
2.509661
0.082410
0.059949
0.423509
2.245226
0.471654
0.406136
1.649470
0.390752
0.733378
2.227315
0.263956
1.032007
1.744331
5.729318
1.306468
0.467157
1.987200
17.980508
27.774845
0.398199
4.743579
5.403540
7.444564
5.675361
9.338981
5.980995
2.956616
0.958778
0.118891
0.016094
3.341315
3.614286
0.572313
3.455888
0.013054
2.055153
0.274902
0.690847
2.373621
1.509027
1.072435
1.242439
1.286906
17.987421
0.600753
22.843342
7.643852
9.081494
0.527333
13.331287
9.903226
18.813612
7.350859
0.311843
3.837407
20.188313
3.753709
18.927994
0.137391
11.782524
10.920361
3.545990
8.537333
4.958086
4.453384
14.884194
3.200117
2.018174
11.322789
10.183773
0.781408
0.413259
0.594171
7.715074
5.425784
5.895354
2.300301
1.235123
1.436217
2.255449
0.906514
2.224093
1.021026
0.511174
0.629533
0.532711
0.741844
0.725195
2.435986
3.591355
2.367978
3.262797
1.092517
0.572453
1.615381
2.439803
0.630352
2.262518
2.402319
0.394586
6.035865
1.484156
0.998690
2.359926
6.007661
0.638718
0.988972
0.404430
0.226255
1.654060
0.197032
0.800328
3.389487
0.206293
0.288622
1.081507
0.481477
0.966923
3.788979
1.001300
0.342719
1.667375
0.184059
1.238800
3.044028
9.904861
3.660178
0.245572
0.307092
2.043527
1.834963
0.294959
0.846575
5.647467
1.491929
0.768235
0.910146
1.079747
1.284198
0.777887
0.260817
6.219999
1.574927
0.529288
2.257548
0.449030
0.323454
0.711145
1.572388
0.736328
7.215931
3.009361
17.986009
2.398246
2.049916
0.246656
1.108048
0.544091
2.941221
0.390349
4.795290
1.095214
0.049710
0.501226
0.239661
0.562508
0.209779
0.585864
2.326466
0.162860
1.074561
0.077223
1.008735
0.254066
0.163520
1.377557
0.260051
0.126627
1.339016
0.724363
0.200242
1.650953
1.026295
1.544659
3.621748
1.489806
3.155318
1.384729
5.836189
4.383918
0.327049
1.273372
0.664742
2.521292
0.424607
1.807226
1.939944
0.541429
0.557583
1.746729
0.001541
0.972569
0.609961
0.350078
0.060071
3.117583
2.850724
1.370681
2.291649
0.448990
0.738560
0.003338
1.748135
2.187247
0.495517
0.788348
0.223960
3.639805
0.292664
1.665545
1.513006
0.310535
1.406821
0.732322
2.286638
1.251389
0.167211
0.051781
0.726232
0.655401
0.411018
0.322090
1.890711
5.237694
0.472941
14.434436
9.929605
7.617361
13.587567
7.955785
7.714411
12.136465
4.341489
3.186056
11.334773
4.924221
8.204720
20.518444
3.975745
15.881474
32.694415
0.023862
0.957233
17.865225
0.157736
1.299679
1.353727
0.238557
0.598176
0.109325
0.239016
0.556119
0.220542
0.286022
2.501676
0.321885
1.147366
0.820320
0.038842
2.309173
0.699619
8.213949
1.800366
6.564343
23.834422
17.505728
8.866863
8.822193
0.973260
6.345769
19.589769
14.647143
0.181691
14.829815
0.538151
4.081042
2.147800
2.714419
14.852982
13.110198
10.825305
3.757226
4.629340
0.226499
0.242676
2.031358
0.619148
2.245001
1.883058
1.378022
2.295284
0.768970
0.366156
13.230093
2.928760
6.694751
7.668313
0.374993
12.277021
3.427759
46.881368
8.101019
17.112376
7.502581
4.986830
5.332520
4.983463
22.146765
5.494028
5.415829
8.346863
11.326257
7.686467
16.491068
14.048241
1.038968
4.228817
10.915082
35.210746
4.161250
20.487719
6.400371
4.809745
17.172101
0.608164
1.580412
13.216162
6.465050
0.508606
0.227571
0.755619
2.298564
0.272821
0.854876
5.199194
1.135979
8.459123
0.174481
6.518794
11.898535
26.529143
0.375181
1.655246
1.714950
1.306650
0.559110
3.749685
1.569436
2.444039
0.598319
2.473874
0.929878
1.168175
0.876852
3.551650
4.472554
0.459076
1.424037
1.938979
0.866065
1.054495
0.345761
1.817116
4.676918
2.841275
2.694037
0.295531
0.636356
27.945427
1.031765
0.400694
1.423432
2.006461
0.012169
0.642843
1.355657
1.386944
1.375871
0.157415
2.530177
0.401217
0.302075
0.636564
0.101653
2.133187
1.966434
1.267155
5.861192
0.248015
5.294016
10.129607
14.545700
6.438918
0.402638
6.819711
0.811677
6.951640
0.868287
4.469640
3.157956
0.703181
1.350909
0.855051
1.084756
0.815671
0.226539
0.520331
0.918314
3.324627
5.386823
1.933958
0.049804
2.425696
6.345518
1.481733
2.414399
0.246937
1.122041
3.003175
0.238905
2.176468
1.046720
2.948621
0.741577
4.474805
12.303933
14.716193
0.278310
12.722544
22.322325
5.825835
12.168382
8.033111
30.923590
7.686230
2.398733
15.460439
4.122756
26.911871
5.888208
11.284594
3.525858
2.805857
11.559346
1.580924
11.839536
0.017613
2.894745
1.205307
2.101938
4.401496
12.356098
9.028758
0.723551
5.293835
7.023179
29.608767
21.360102
17.107791
1.412056
5.141960
0.399276
26.016049
9.745121
3.365432
1.272260
5.378790
3.322511
0.295649
3.367394
0.127999
19.135936
2.407240
0.317049
2.257497
0.821094
1.231849
5.098354
2.319198
0.580868
1.293543
3.295551
3.647462
1.486907
0.545005
1.281279
0.436745
1.587768
0.563272
1.187806
0.704368
0.372428
0.102495
0.008943
0.181446
1.485194
0.198687
3.903064
0.016675
0.171342
0.449708
1.514543
6.609606
0.890988
0.661423
0.395545
0.933574
1.230314
4.477881
2.731762
5.458458
5.717929
6.625704
1.494771
0.309629
0.886880
2.063176
0.716607
0.008725
0.133189
0.806911
9.706511
3.657174
10.164715
13.945853
13.486110
7.777852
21.693779
34.375955
17.711473
23.002062
7.754673
3.071094
8.950434
4.105471
1.568427
3.304089
4.162635
3.569530
4.163911
7.361707
6.038177
20.912531
10.099046
12.608689
27.611339
3.516112
11.377497
12.626255
9.548219
22.296494
15.324838
23.133644
19.899290
4.791978
5.633255
5.292462
12.127165
8.114748
9.452605
19.351623
26.271527
2.754157
6.011715
26.899037
10.382199
2.417272
2.106305
0.288180
3.686413
26.991609
0.832225
4.279577
0.837572
0.474949
10.760997
18.159586
3.450721
6.518288
4.461585
3.371977
23.174061
3.181268
4.258557
21.294423
2.220845
4.249721
4.748918
10.433293
5.483907
13.769660
3.651388
12.457735
3.027179
0.099486
1.392284
0.985312
0.284995
2.383000
2.002578
0.975695
2.849777
0.226380
0.778720
1.651519
0.168437
0.557566
0.310293
0.472654
0.183120
0.596364
0.273422
3.214646
0.738652
0.758704
1.160135
1.241713
0.654387
0.639493
0.629743
0.472395
1.412687
1.450753
0.054103
0.085642
5.340110
0.205417
2.726878
3.097691
0.067253
0.382203
3.282841
0.585704
0.343105
2.027389
4.029701
0.154320
0.611510
0.838211
1.594057
1.249303
0.093088
2.861804
4.303887
0.058271
3.656440
0.831176
0.828845
1.347640
0.916078
0.801765
4.310526
1.006010
1.775534
1.014818
0.946312
0.055031
2.152655
0.019012
1.717301
3.466089
0.008265
2.842661
3.441271
6.709994
19.660394
15.582892
10.045654
4.008206
31.550384
1.328223
5.572207
1.645926
11.651055
1.359525
0.854444
0.547270
0.391114
0.847499
4.293160
0.317037
0.004495
6.092885
1.232702
0.521733
0.947581
2.502079
1.580377
6.902333
1.652934
2.087900
0.247819
0.281383
0.503179
0.188911
4.800104
0.761345
5.045833
0.704070
6.406566
0.846824
0.683484
2.076723
0.855632
0.844996
0.875847
1.108109
0.005502
1.138416
0.331605
4.861199
0.009960
0.788680
0.791312
2.588339
2.725399
4.814957
24.453139
0.078324
1.921952
0.891342
2.151271
1.186242
6.999368
3.410469
1.645899
2.735103
2.873163
1.987163
1.059268
0.462987
0.329794
0.963332
0.040626
0.082931
1.146894
3.878087
3.242309
0.257186
0.314638
0.714141
0.208562
1.384078
0.030442
0.726402
1.195249
11.723088
9.869878
2.419723
9.121781
2.024432
6.536309
5.877577
1.007657
9.555289
10.915638
19.176654
2.195171
1.897373
3.124967
4.040549
1.830968
8.842838
12.627483
0.955488
1.504265
6.804698
18.428815
0.420824
7.140380
6.502708
14.004945
5.592768
1.727394
0.321879
2.936138
3.419288
3.654259
13.904496
2.327822
7.986026
33.457550
6.861972
3.923649
4.928862
5.664294
5.085736
5.163487
5.002366
9.592020
4.675605
4.877949
3.832324
2.608271
0.191173
6.803287
7.529636
6.785587
2.842344
2.004927
3.948269
16.596385
3.776030
5.131848
2.372983
1.466988
0.274413
0.711058
1.287561
4.254678
1.311133
1.332896
3.778625
0.446411
9.274493
1.618316
2.522267
2.113074
2.236666
1.895688
2.767385
0.619820
3.443780
1.560011
0.141301
2.743222
2.832763
2.640191
48.921502
31.439184
12.845946
5.091956
0.907238
8.910714
3.475876
15.096827
4.146787
3.102016
2.866281
13.425942
6.490420
0.593412
4.889755
0.903270
11.568595
3.329401
12.847053
8.774536
1.070081
0.376117
5.079213
4.564453
16.293347
4.561730
9.404990
6.829659
5.650165
5.907339
2.458508
0.819829
10.011373
27.135875
7.767013
3.535325
1.957232
21.382851
5.653151
1.679509
10.839203
3.184107
0.399232
0.878474
1.181484
0.561982
1.018411
1.605184
1.692454
1.376132
2.074507
0.338844
0.071879
0.938517
13.096245
1.441117
5.062055
0.260164
0.010076
1.495507
0.458579
0.924609
0.542787
0.044597
2.444049
2.673714
0.240727
2.148640
0.239644
1.488755
3.396487
0.932641
1.498167
7.207534
0.113760
1.740440
0.789254
2.152053
10.044477
22.201590
11.412467
3.819659
4.121746
5.700752
22.589404
19.593107
15.794250
10.050561
10.642393
0.212277
10.302317
4.057565
43.676516
8.632776
0.687719
3.100100
6.176468
0.344586
1.004930
1.911068
29.243495
1.650568
9.449835
27.834223
8.752683
1.378867
10.004790
3.119973
1.319564
4.122305
6.329307
35.665784
5.739651
13.116733
0.435387
3.081344
1.854872
1.320302
0.184131
0.917426
0.612169
2.482443
0.481391
0.862478
0.369197
2.799621
2.725985
4.402300
0.256365
0.241005
1.374869
1.092082
0.822365
9.214263
9.806852
11.536394
11.998731
0.435951
0.288476
0.341063
42.846864
2.934110
1.668073
0.059676
2.875391
1.191276
1.479745
0.519310
0.113039
0.022098
1.163877
6.588631
0.182954
0.666821
4.296170
26.412461
0.089388
13.978345
0.295863
1.154026
1.034814
0.696359
1.887061
0.397056
1.034681
0.281955
1.785582
2.593824
1.880517
0.130875
0.269427
0.618311
3.694378
0.420644
1.250396
2.212607
1.161953
4.173386
4.037898
0.271380
2.012364
0.107199
1.782044
1.340530
0.807344
2.192990
0.451602
2.536679
2.331720
2.574662
0.317816
4.671163
2.933709
0.106049
10.247051
9.509716
7.944327
0.882424
3.090467
5.231501
1.189697
0.097001
2.460579
0.326501
1.895372
1.179271
5.738506
0.359008
0.061165
1.936878
0.670598
2.160510
0.613843
1.970004
1.009828
0.321543
3.072780
0.376697
3.320768
0.322290
0.156280
1.207880
1.793733
4.576719
0.509179
3.620477
0.451972
1.785502
0.139724
3.058746
1.635992
0.349253
0.846882
1.791259
1.857614
0.618645
3.196868
7.217698
0.080664
0.220818
0.124049
0.021270
0.472012
1.818516
0.720359
4.429778
0.444558
0.686423
2.876398
2.203809
0.044356
9.800117
1.556960
1.795723
2.803350
0.642555
3.294243
4.108454
0.620801
0.112296
4.114517
2.342754
6.324891
1.475416
2.385688
0.925975
0.457697
0.808608
0.329806
1.584858
2.621158
0.479581
4.273133
3.376071
1.313925
0.822638
1.850092
1.002176
0.550800
0.719948
0.479921
0.600320
0.857045
0.775142
0.405175
0.098541
1.502290
0.383267
1.953094
0.184627
0.736371
0.950967
0.247011
0.268035
8.539166
4.774821
1.753220
1.318533
3.820448
0.580976
7.732056
3.325718
1.756876
3.735177
0.975311
14.086942
6.866731
8.874988
2.141187
4.321851
6.703567
4.571751
13.478733
0.227254
4.068459
16.826733
0.934139
8.165823
0.469830
0.264964
4.870052
10.414038
5.832995
3.649140
3.408875
0.438734
1.846219
8.927501
12.544488
14.970350
3.564938
0.046090
0.596762
3.009417
19.923919
34.995252
14.607553
16.645474
5.264567
2.710490
7.981900
6.459283
7.925500
14.858009
30.203453
21.959320
1.512581
27.502240
1.239942
1.481270
0.133635
1.906964
1.117594
2.884476
1.304954
2.353590
3.788980
2.505207
5.478431
0.016857
1.234896
1.445697
0.378765
1.271742
0.329071
1.987408
2.444518
0.581499
0.343651
3.360093
0.070858
1.707065
1.012631
0.762639
3.418282
2.313295
0.665436
8.117882
18.292912
12.797069
0.120469
0.155326
35.319084
18.351766
7.077581
9.202729
10.735264
0.565428
0.060134
1.351735
2.176837
0.722501
1.421342
0.140048
5.018668
0.745277
0.226229
0.022941
0.302012
1.898804
0.264460
0.070517
1.631813
4.304215
0.025814
3.369488
6.636693
0.470872
0.146374
5.185018
0.005131
0.797569
1.146913
0.145940
0.755447
0.889660
0.041710
1.644395
0.841737
2.266237
0.586113
0.389122
0.383153
8.212621
25.614183
5.287924
18.654210
7.834578
7.257992
1.151500
6.278379
0.634436
19.443824
2.981402
4.325019
20.437631
9.316934
20.725439
8.749119
3.327010
1.448931
2.039033
2.049833
0.089103
0.064023
0.554957
2.616039
1.607132
0.409768
6.537082
1.004029
0.135146
3.164391
2.900233
0.841062
0.778669
1.414023
4.521767
1.832185
0.703997
1.331659
5.174711
0.674475
1.254860
2.720445
0.782635
4.150188
1.887418
3.876077
1.651860
1.342395
1.811617
1.209506
1.268163
0.071830
25.468459
35.385195
5.877489
11.405250
34.089332
0.653964
1.274022
9.143324
2.550802
8.749707
5.948999
2.442443
0.790586
22.329085
17.019053
1.564076
3.580553
10.002032
3.296750
8.169704
7.943535
5.102225
5.733274
5.840906
41.150879
6.787014
10.702096
17.900477
1.500474
1.396075
11.963082
3.546752
6.210592
2.811107
10.229479
6.706838
5.998689
14.024193
19.951672
9.998818
2.194821
3.150154
3.736774
2.246267
25.665251
5.499518
0.926292
5.943196
48.785066
14.032347
14.190310
5.014763
2.437771
1.523821
12.092782
1.238338
10.329425
3.358440
0.284757
9.058976
9.403582
9.337363
0.255223
2.116576
1.263556
1.367803
2.209824
0.333374
1.414011
0.220799
0.022426
0.443606
0.435028
1.413048
1.469251
7.233814
1.043813
8.179214
12.185198
7.704347
16.502641
2.078223
3.491471
0.830264
9.040527
24.209538
6.838662
9.059327
30.439793
22.993989
7.230882
8.856788
16.205322
3.981189
1.320654
8.760997
37.963435
12.863458
7.665990
6.860654
14.522735
14.988165
11.169528
3.506431
0.111349
1.159922
5.255730
0.936141
0.848882
0.219310
3.742875
0.388439
0.935657
0.660673
6.329614
4.228290
0.714728
0.856570
1.082119
22.222878
32.969780
13.933418
2.974846
2.918525
3.297349
2.208510
5.638071
14.588287
9.868214
5.116498
4.614081
8.870283
1.141340
4.920639
3.792998
1.777766
6.846245
0.707239
1.998679
0.245213
1.847499
0.178836
0.081210
0.669442
1.066504
3.169644
3.586504
5.815426
1.052917
0.610062
27.429107
7.366397
2.314522
10.735252
0.343023
8.263441
23.231410
7.971590
5.162835
4.262306
0.139791
2.463055
91.361543
4.436894
0.954701
8.848343
8.293700
4.130252
4.363209
1.153620
6.686448
20.527516
13.047847
1.329586
12.146016
0.699100
0.940844
0.307148
2.971840
6.704788
11.986334
17.618906
2.593843
10.763376
6.555153
2.772402
7.438614
5.074678
0.900111
2.923368
0.522747
1.651564
2.459642
4.459141
13.919986
1.511268
0.525731
2.387320
5.371970
10.539692
11.713072
17.030735
0.146967
2.925057
54.244706
15.948242
4.431865
19.274962
2.301902
25.720631
1.148270
1.286538
0.917250
2.768985
47.067552
0.103443
8.165597
11.118106
26.414649
2.310850
6.951916
5.918367
0.756451
0.237793
2.095855
1.454965
0.735307
0.199587
1.845673
3.993981
0.020506
0.015851
2.713114
0.428577
1.178806
2.900969
3.927700
8.315916
8.544246
9.635913
3.814359
5.235066
1.859123
13.281183
1.970791
22.707625
6.337076
22.561213
2.815055
4.687803
5.743569
3.053155
0.013038
2.104460
0.401286
2.730707
15.813893
2.491936
4.172460
16.801999
11.069403
22.262746
5.035522
1.143056
7.583755
0.632311
3.549494
0.633639
0.210963
3.631768
1.290425
0.613577
0.337155
0.405665
1.315672
2.838959
5.193306
5.028605
13.153290
4.292345
10.425838
8.573934
2.202745
0.917425
0.721180
1.040110
1.990985
2.029923
0.421156
0.285860
5.068163
0.746385
0.833549
0.566189
0.417980
1.049354
0.002775
2.280654
1.233617
0.306386
0.983410
1.484187
0.732642
0.477454
0.425563
17.428978
1.155557
7.208145
17.604592
5.562034
12.609367
4.404343
2.489636
10.894257
16.954122
5.411260
21.933611
17.545264
9.285847
1.163517
1.216391
4.577231
1.376488
3.792494
13.225204
1.931339
11.925171
2.855040
13.483301
2.745989
4.576527
2.331794
0.736962
3.908133
25.572454
1.568947
0.651089
0.024008
0.332590
2.906468
6.324266
0.578833
3.519221
0.796613
4.069703
1.158269
0.356616
5.115022
0.363926
0.301361
1.023494
0.792760
0.580612
0.795545
0.755883
0.961158
0.249573
0.120445
0.890612
0.214682
0.366646
1.396220
1.382714
0.771796
0.485477
3.304872
2.970056
0.434886
0.072286
3.336871
1.572248
1.657494
0.075295
4.171614
2.180188
2.204576
0.122634
0.568616
2.252078
0.089545
0.107469
0.755791
1.590633
1.585850
2.808348
0.926184
1.063836
7.794927
8.368790
19.036862
13.190568
3.565025
4.505460
2.341019
1.330898
1.716664
0.075531
0.970766
8.939846
4.524089
2.914542
1.850660
2.040552
4.136245
0.405288
5.666410
1.605459
4.363832
1.840952
1.639535
1.995289
0.447612
0.226853
0.895483
1.416913
0.745797
0.599006
0.074176
1.381445
0.476546
11.281635
11.763048
3.140188
8.032005
14.996139
7.945445
41.550346
4.390731
6.798718
11.215487
0.082185
2.814793
7.121612
30.474223
3.476287
19.623390
7.662542
56.799918
0.614115
21.316651
11.527390
0.762531
3.599097
1.227571
2.273647
0.443628
0.764041
1.744554
0.162069
3.888755
1.368111
1.695521
7.045206
0.119150
4.175461
2.013239
11.218945
7.353749
6.392088
2.827461
27.231224
0.437672
1.059779
27.486529
6.843968
1.176606
0.654172
12.432807
4.398808
20.705127
31.036770
3.906553
0.112335
1.736510
6.483608
3.712126
9.977813
22.668178
12.728978
1.309612
0.365570
2.447815
0.817996
1.293841
0.930377
3.197546
0.230573
2.051360
1.307829
5.484361
13.323442
6.472892
0.097309
4.681970
12.044819
46.624188
0.467864
0.938637
1.550547
1.400711
2.325002
0.733820
3.243083
0.134200
0.593049
0.994004
0.220688
3.050416
1.901275
0.585198
4.439498
2.086597
0.803036
0.554547
0.617830
1.701346
2.274780
1.289638
3.084585
0.500197
0.691024
0.278482
0.285675
1.465665
4.876745
0.361235
2.553867
2.493893
1.580441
0.154325
0.904690
2.637278
0.165660
1.045372
0.651887
0.521807
0.482960
0.149545
3.223612
0.190710
1.994731
2.216596
1.016410
1.487147
2.979017
0.996551
2.560913
4.695371
0.201799
0.996995
0.632459
0.008167
1.182666
2.188022
0.062595
0.179624
0.992530
2.409720
2.837919
1.193700
3.133108
1.924963
0.637380
0.068151
2.112104
0.906958
0.917901
4.966716
3.313614
4.611827
0.398168
2.189301
0.664245
4.394606
1.173992
0.808024
4.361099
0.274771
1.236019
0.620111
0.353426
5.603203
1.082501
1.299647
0.599377
2.212390
4.371796
0.671467
1.365919
1.072149
1.534805
1.619794
17.838011
2.736951
7.332849
0.127208
12.655469
30.761006
9.127662
0.911689
0.053348
0.295783
1.155723
2.099275
0.593612
0.049337
0.108513
4.324854
0.903922
8.216550
10.169072
13.644999
1.120291
6.768874
0.535915
5.826281
1.652095
1.788974
6.086265
7.842183
5.243987
24.042406
17.272055
0.532693
0.084862
2.411140
28.770739
3.671331
0.008017
0.004842
0.927935
3.199601
1.002413
0.345563
2.254957
1.090996
1.772941
0.586118
2.860297
0.090431
0.538081
2.648166
9.946278
8.081845
8.678492
0.774429
16.746857
24.280999
4.332502
4.194457
0.870152
0.256000
0.766732
0.626900
0.204636
1.413714
2.177375
9.363685
0.047593
1.644051
10.606796
2.826252
3.255355
36.396168
0.231620
15.188722
8.838327
0.613416
10.238105
2.752208
15.702001
0.281989
11.687598
14.227552
7.819689
16.094108
12.183027
13.735176
0.732407
16.438050
3.045221
2.110740
22.006336
8.855324
1.005226
15.586509
29.649041
11.924863
13.260884
40.634361
13.518910
3.011835
5.532606
0.254981
0.134811
2.784812
32.590711
11.313576
2.376477
11.832091
16.745051
5.807885
4.549635
2.708327
6.060655
2.389119
15.233312
0.097813
1.170462
4.141547
2.584493
0.520206
0.226407
3.412540
1.781881
16.514573
0.992574
20.742026
2.855569
0.326953
2.159807
1.499000
1.066612
18.487154
7.772730
0.786161
0.591199
0.069645
1.374316
0.326855
2.068827
1.113320
1.262145
1.562418
1.000151
0.145842
2.663795
1.434983
0.530278
0.005040
3.876872
1.813889
1.956693
0.046701
0.296171
0.284283
16.755556
11.924082
11.146618
6.400620
3.353700
2.206608
14.454299
4.442543
0.673314
1.725573
18.895636
1.859465
1.594178
4.857987
8.654464
4.838388
21.245664
3.953983
16.080374
6.751316
13.061276
4.300208
10.996525
4.307596
2.136891
0.000478
1.720398
1.692871
5.279218
0.372371
0.413557
1.484651
0.246046
0.380611
1.818374
0.358157
4.149300
12.447385
3.134489
0.670695
18.162143
6.909716
12.998488
11.016448
4.184752
1.956782
1.620359
0.275428
3.606091
0.660496
11.974478
12.873570
0.979885
21.456213
9.038620
1.235699
7.724424
24.032450
7.238823
2.845592
15.168053
7.387639
28.259351
4.821761
6.276445
0.277604
23.908453
1.885010
16.495077
17.639065
2.544386
1.577655
3.507081
5.592948
26.012722
11.732853
8.795526
7.519726
0.664285
1.287476
0.910180
2.379820
0.378994
0.734151
0.648950
4.982634
0.451566
1.804857
0.012544
11.590619
5.655506
8.029522
1.960855
7.099160
13.758949
3.497998
0.647647
0.211345
0.352635
0.022123
1.722099
1.445691
3.109789
2.109497
1.676792
13.779840
26.444506
22.228873
0.583018
8.030587
7.315024
15.279776
6.981020
13.742105
9.365655
0.931903
3.272271
12.088961
34.532776
0.405089
0.731121
1.250996
0.595045
1.143805
3.306878
0.113141
1.014107
0.010897
1.342380
2.169224
0.530825
3.236501
2.885901
4.271008
1.199530
2.765639
1.898052
0.477585
1.957165
0.469125
12.134613
4.046270
2.960165
1.299663
4.886546
46.172403
0.290358
0.467148
3.035360
1.892079
6.315273
16.682056
1.447209
0.943784
1.941626
1.858433
4.868499
0.634881
3.941122
0.266339
3.686883
0.656354
10.296501
3.743549
3.289679
6.001659
12.413678
6.672114
18.167635
6.000048
5.879338
6.295041
1.647404
5.276823
5.637039
3.457168
9.330328
7.904965
6.319213
10.604744
2.063774
2.577069
32.696947
0.701377
5.155555
0.193198
2.581380
2.298880
0.745309
4.534484
1.977248
0.183190
3.096365
1.720776
2.381244
0.158208
0.112840
1.793886
2.400553
1.384307
0.077375
1.633224
0.461937
10.238596
0.459231
4.268779
0.861759
3.163342
2.367492
1.102157
1.314567
0.000597
0.831860
0.276826
17.526826
6.950978
1.787120
0.317692
0.587187
9.290283
6.705014
15.516280
2.827429
24.971557
9.331367
43.432048
9.231062
0.779709
1.017589
0.857906
1.381471
4.951978
0.474448
0.848754
0.292489
2.241999
1.709524
0.948581
0.823571
1.318127
2.236746
1.276727
0.455063
0.435553
0.706773
2.797247
0.644305
0.876821
0.113182
0.011005
1.760224
0.484726
1.168526
0.277343
0.503876
0.280832
0.908573
0.663310
1.042195
0.840860
0.011689
0.632935
0.891619
1.241242
0.037664
1.706751
10.895369
0.391879
2.401088
1.091020
0.507708
8.835976
18.318697
0.815478
10.641383
9.921958
9.103651
3.296015
4.875219
21.512503
0.914354
0.737340
1.994061
0.822939
4.079162
7.024482
13.982151
12.862118
0.030971
1.890575
1.377288
14.315662
11.566770
10.924690
0.441211
0.434443
0.720382
21.153399
4.851087
2.854714
9.417090
2.229530
3.375714
0.049190
0.297834
16.362312
12.125703
2.976270
16.094034
2.625133
11.319162
12.961704
2.517008
6.548805
15.095709
2.055397
1.508815
1.011598
0.966579
2.385604
0.267508
2.392777
0.055421
0.020471
0.306770
0.786472
2.852485
3.769029
1.151705
0.353468
0.092369
1.231066
0.314995
2.480353
1.630544
0.817105
0.153601
1.756632
0.221268
0.980155
1.872685
3.345856
3.370752
1.672340
2.320227
1.345128
0.260026
0.189639
0.004806
0.031757
0.757727
3.518915
2.250859
3.174094
0.431415
0.811194
0.070677
0.072055
0.007362
8.953984
2.013392
17.688691
1.658222
20.581248
0.241985
0.694476
1.746729
0.593787
2.274120
0.428953
2.751447
0.050642
1.641629
4.534363
1.558334
3.017233
0.100768
1.896058
0.945660
0.104391
2.723028
1.429808
0.670290
0.722761
2.223849
0.425938
0.940202
2.007146
0.482984
5.498868
3.246930
0.203780
0.108331
3.595837
2.805921
0.419945
1.473528
0.054588
1.249375
3.920888
1.110568
1.149662
0.846455
0.152356
6.268730
2.064834
4.972796
0.876307
3.219817
2.399326
2.684840
7.092800
2.772072
5.411713
17.090532
9.164053
24.958122
8.622152
9.955792
3.867983
0.859972
2.129487
31.803462
15.049742
3.559394
8.389099
4.721022
10.798092
1.847227
10.713873
1.719326
1.903659
0.125250
0.184579
1.972488
2.766526
5.957913
9.705271
7.010586
2.137194
21.231927
9.603173
7.772757
4.073081
1.740896
9.034959
4.710157
4.354506
8.253304
18.003445
6.877911
1.601215
2.250486
0.387917
0.164535
0.070980
0.583203
0.146870
0.677603
3.218663
1.243404
0.653617
0.443165
3.830505
0.050904
0.131124
0.764154
1.477526
0.402758
0.383455
1.726851
0.856461
1.365790
3.800293
0.297724
1.806734
0.308578
1.668381
0.022992
0.693421
0.596639
0.869076
0.013960
0.162622
0.493970
0.723933
1.337831
1.507022
0.048438
4.988445
0.062760
6.466976
38.236532
3.204039
4.119468
0.523998
33.564256
1.643758
30.204828
0.330119
2.516528
11.649501
9.649637
0.854454
0.655921
7.878916
2.634212
3.100736
0.758366
21.273499
2.486310
4.197149
6.629147
16.034566
1.169895
9.139171
13.097681
1.921560
0.841206
0.585512
1.021072
0.218516
5.460537
3.086618
0.130305
2.205184
1.721166
0.356747
1.262126
1.613881
1.110884
6.334430
0.226037
2.800683
0.397245
0.024450
4.944771
0.484949
3.671313
1.424736
0.363056
4.090624
2.495488
8.046775
1.005245
1.090301
0.565164
1.903607
1.238536
3.281013
0.138846
1.957251
2.231235
0.564292
1.685368
0.636827
0.304394
0.540074
1.936454
0.321897
0.324009
0.389047
0.276647
1.019708
0.976640
1.823413
6.706358
8.679957
0.811440
1.375451
5.710534
12.324498
1.212625
8.266288
0.307066
22.730458
7.555358
1.345844
1.517827
2.822914
1.771845
2.925064
3.099630
0.360123
32.713522
8.618534
10.814551
8.903172
5.876027
2.217138
6.980442
1.899714
0.217941
3.554827
4.957633
2.375558
48.695267
6.679587
2.067496
6.639855
14.672682
16.499604
0.443203
1.777512
4.604912
4.063915
4.760952
4.161493
2.348594
4.766444
10.005499
0.753069
8.837223
4.353417
2.759468
0.566228
11.113191
21.862895
9.637995
0.936032
2.604889
33.642309
19.774550
20.984204
1.511729
8.441139
11.677584
15.713785
2.757421
10.286278
10.997618
12.138708
66.427382
23.099469
10.803193
11.271403
0.490135
5.155725
8.223888
15.217692
17.318537
0.765618
1.652360
0.139281
1.885510
0.281403
1.301299
2.353668
1.780133
0.336505
2.755262
4.397096
0.970005
1.209408
1.443533
0.204844
0.391590
2.393301
1.430845
0.436835
5.004971
1.350044
1.572439
0.312682
0.917292
1.003049
2.309111
1.414251
2.451215
0.151516
1.636823
0.513543
1.621463
2.572855
1.423614
0.041763
1.111848
2.577048
1.147535
0.641160
6.932081
1.430119
0.795532
0.524766
2.244639
0.709914
0.518860
0.764641
1.602783
1.550177
2.401144
2.214279
2.277123
0.299366
0.977161
0.193762
0.241736
2.313105
0.148549
1.593272
4.267638
0.592358
1.013528
2.179147
6.942132
1.610265
5.288918
15.472082
2.787475
1.003253
2.345613
0.840750
0.787657
3.282727
2.382599
2.594524
0.407606
0.198857
1.403962
0.529548
0.374720
1.907551
1.727713
1.536043
0.654335
0.535504
1.691720
1.704619
1.125282
0.417136
4.615296
7.521799
0.144110
15.811433
1.221946
0.355086
19.738143
5.161427
1.669191
7.546083
11.504497
2.438882
1.031417
1.430834
3.541685
2.630192
17.513986
11.015846
2.768200
0.567513
4.859852
15.961120
12.228816
5.396415
5.676728
8.936382
1.858692
1.818768
9.216735
16.771055
0.877830
1.606930
1.121419
1.299303
0.710480
0.114783
1.160590
0.653203
0.709001
1.162623
2.718699
2.845122
1.988138
1.207844
1.126141
12.620502
2.948685
5.320574
2.809390
5.288246
20.034317
14.752655
17.272915
7.235635
7.734031
20.642612
4.006633
27.562695
0.488506
0.141913
1.470713
5.223826
0.329470
6.658754
4.077259
1.635595
3.371891
3.161933
23.194805
2.093240
2.807818
9.314337
11.659013
3.675690
1.796890
10.361728
16.918446
1.346796
5.275773
2.099341
20.501168
9.861183
16.385755
13.766824
12.848731
4.248228
1.760627
8.197856
5.292329
10.837140
2.595789
6.049221
8.464537
6.910996
2.440135
12.080192
3.175628
1.102388
1.951649
0.236922
1.987582
0.780706
1.195204
1.402502
0.203124
1.852912
1.996171
4.473637
2.435380
0.638659
3.405748
16.830137
3.173757
11.906980
5.908615
0.425794
4.567166
11.700250
14.369371
1.020494
5.251315
7.798976
11.447462
1.087237
32.599980
5.693272
8.367101
23.539108
0.108623
0.711233
1.251318
0.741512
0.644333
0.753634
0.074451
0.867174
1.006391
1.325084
0.073087
2.170070
2.170380
0.022458
1.610482
2.248215
3.423326
0.038640
6.612308
8.518920
4.578871
8.541877
1.863345
0.187273
13.136965
0.905353
7.664091
10.849490
11.438342
7.044092
3.220780
3.677975
17.574502
2.665310
15.292779
4.724651
0.496637
0.513915
0.793123
0.890505
7.709253
7.604452
3.294759
23.301546
13.844952
3.903471
4.644171
1.651838
14.129014
15.035994
0.521966
2.534769
10.120946
2.889618
9.175646
2.944146
3.673754
0.784611
0.015321
19.204413
6.092679
2.581145
1.756580
24.865746
8.652910
6.892381
0.673986
2.159623
7.025334
7.906336
6.086063
5.549758
13.290685
4.879650
21.863270
7.137053
9.698775
18.510071
15.231991
15.919077
4.544813
8.409815
1.788477
14.506004
8.344940
6.941090
5.409949
0.571112
8.120050
33.380686
12.190272
1.133963
8.723668
6.231802
12.950574
0.789401
10.114381
3.096318
4.632570
3.354126
7.107847
12.060597
6.031672
14.786323
6.603853
5.008078
1.291963
4.791948
12.738867
1.907779
16.205040
18.982846
0.067131
17.273070
7.478757
3.231779
0.256713
0.207997
0.141285
13.277911
36.157030
7.060250
7.353642
2.259962
9.641912
3.215060
11.668487
0.885092
3.383403
16.050700
0.724267
7.477885
7.941482
3.296575
20.415050
16.720349
17.915941
4.531913
1.023496
13.610607
2.184305
6.463678
4.382252
16.525669
9.125366
13.858074
4.559165
0.273622
1.817516
22.031401
29.131859
22.606064
11.560974
2.368759
1.677870
16.648659
4.105085
4.740610
4.407628
8.179920
14.055987
7.360548
5.811169
4.026505
3.498191
2.958751
17.785420
0.990054
2.262709
1.067360
0.316419
5.849101
1.825707
0.627415
7.939759
1.119891
1.435928
4.503105
0.577078
2.073508
0.746781
0.518949
0.112811
0.336520
1.632825
1.027932
2.064887
0.894007
0.345828
1.287880
2.367491
0.421362
3.148645
6.290570
4.019782
0.246688
1.616973
0.135700
0.270317
1.214571
0.446646
1.294346
1.556298
0.090046
2.854291
1.230173
1.413602
0.751294
3.578825
0.234154
2.339030
0.247267
2.280002
8.050325
3.825531
2.790744
2.024593
0.302362
0.195856
0.986575
0.860582
0.209279
1.089193
0.612483
0.202235
1.810493
1.774122
0.141346
0.102436
2.922369
5.190517
1.775993
15.661799
12.760820
8.660240
5.975598
7.230476
4.296354
7.778720
5.851407
3.323367
11.876690
23.934569
2.538912
1.200857
3.841227
0.078868
0.016838
3.576025
0.084429
0.177490
0.496320
1.334298
3.616170
1.513507
2.842062
0.257546
2.406893
5.796194
4.441748
1.562945
0.418756
0.900385
1.053227
0.250471
10.252699
3.538333
2.814776
1.326918
0.762422
0.066187
0.120709
1.936391
0.250488
0.262627
0.917638
2.282370
2.344820
6.201093
0.218384
0.678620
0.670693
0.041291
0.406742
4.384685
1.092421
1.348548
4.911592
0.780030
2.294924
0.838740
4.685380
2.036469
0.340221
7.011158
0.845399
2.561217
0.948181
3.617666
1.798487
1.013047
2.520698
1.723452
5.011153
4.783177
2.049490
0.433891
0.687243
6.026395
6.116520
8.181137
13.744058
14.084518
3.262267
4.295639
0.899554
3.892304
1.331914
14.739064
6.347265
8.619930
12.600591
4.451949
0.085591
13.480968
18.748271
8.101853
1.540777
13.909312
10.607526
5.859810
0.404488
6.417422
6.769573
8.239837
0.111959
4.694265
0.470550
25.860079
9.273359
11.231720
36.057675
2.841392
4.776313
0.856556
11.218624
2.623365
2.768633
11.425415
1.251646
9.011840
5.514572
10.404870
30.590322
1.166832
0.082481
6.205075
6.195747
1.456173
0.317920
1.703768
0.692794
0.501041
5.161526
0.380367
4.206104
0.707480
11.950471
15.442095
3.653282
2.840713
9.330545
18.457011
5.372200
5.462643
4.468968
7.164853
5.588005
0.807438
2.424607
0.471569
0.475299
1.034453
3.211251
4.285083
0.289240
2.553314
1.218659
4.563434
1.524241
1.754166
0.496527
1.249013
1.727337
0.509998
2.453099
1.095833
5.839387
3.674720
5.444270
0.636954
0.548777
0.925998
0.378636
0.461990
0.017039
2.143658
3.827938
0.580466
1.735034
0.852860
1.153510
0.047696
2.356062
0.211294
1.386095
5.027844
0.301130
2.464567
0.096989
3.257162
0.561355
1.256860
0.155921
0.033271
0.578465
2.546365
1.611973
0.225242
3.984682
0.479390
0.189352
0.205363
2.718033
1.093352
1.699498
2.389721
1.611067
0.095160
1.063130
1.352070
0.084237
0.257720
2.026272
0.249986
2.651941
1.077796
1.420285
0.016062
2.492653
3.649434
10.642573
13.464627
5.172711
2.369556
2.305176
0.412208
3.174211
1.672645
1.870471
1.950498
1.232235
0.669592
0.644497
1.344419
1.304305
1.672504
1.358008
4.929297
3.403149
1.260158
0.568219
0.352650
0.658762
0.627119
0.543170
0.868876
1.257099
0.181129
0.732119
0.244212
3.024049
22.079205
12.648473
3.029137
3.228593
1.981198
4.123287
1.198469
0.373689
0.309862
3.050467
0.197767
3.981137
4.231845
1.200694
1.194378
0.182806
0.924025
0.586466
0.189500
2.825094
2.654005
3.976194
0.361078
0.482149
1.181076
4.274707
0.559945
1.079732
0.161315
0.733423
0.890184
0.982442
1.925357
1.978834
0.079995
0.868505
1.797633
0.664330
2.115733
2.572096
5.350208
0.791975
0.167763
1.441501
1.273575
0.365261
0.350803
0.746848
0.350080
2.489610
0.788016
0.453612
7.931279
11.307818
4.027770
0.804777
5.087844
17.944796
12.743765
15.807522
6.249663
1.696131
13.840435
0.283299
2.741757
0.119112
6.866241
9.723218
1.026809
17.018890
12.815936
6.973534
0.180729
0.027598
0.839821
2.111406
0.224490
2.098020
1.654391
0.810705
0.888065
1.666638
4.168640
3.012281
1.473174
0.012555
0.607053
1.063349
3.300352
1.179708
1.005496
1.389676
0.444914
0.130464
0.687281
4.637782
3.577368
1.537922
0.240628
2.255189
3.115312
0.889337
0.210339
1.717174
1.571312
0.312171
4.156807
4.526708
1.584968
9.049267
31.857531
0.354549
1.917700
4.695063
1.567155
0.434364
0.046744
0.646860
20.466303
5.642196
2.688869
13.518841
0.378742
1.138321
0.113236
14.605681
3.178287
8.852976
0.479699
0.157797
9.462827
14.859449
10.776490
6.963049
3.828483
15.311508
28.378690
1.568055
3.122231
5.629698
6.892430
3.395469
1.472557
0.034144
0.836763
0.230014
5.162701
0.534431
0.975218
0.039826
2.771461
0.303208
1.576386
0.130499
0.874490
2.114932
1.247876
1.110284
3.368205
0.988519
0.427839
4.441336
1.203567
7.126290
1.586046
1.786243
3.885158
0.098832
1.690251
1.518449
0.910607
2.413130
1.797481
1.707328
1.327284
5.069613
10.883878
2.829160
5.970294
6.488420
14.929349
0.060767
0.406116
0.308401
8.682087
25.172537
6.465505
12.194065
0.296858
7.296814
11.518013
3.479043
1.973631
10.330325
6.789179
3.541878
0.712851
0.056060
3.945093
1.185789
0.701739
0.159955
2.798244
5.094100
0.323412
0.941449
0.158509
0.573170
1.616611
0.477885
1.334906
0.131261
0.066158
0.313315
0.117618
0.587656
0.015401
2.384699
1.510015
0.065257
2.250614
0.044085
1.629269
13.403566
5.691133
0.211152
1.481601
0.015295
0.166739
0.519702
0.265709
0.803530
0.354492
0.500871
1.526980
2.167591
0.822723
3.674401
0.890604
4.437187
3.307232
3.592695
0.324168
2.168469
0.311031
0.496432
0.139740
1.005840
0.338619
0.100049
0.616019
1.247630
1.622644
1.154478
1.991889
4.970581
6.133772
2.085951
4.391904
0.618917
3.498868
5.039349
15.761432
24.868022
10.188602
34.373049
2.085572
11.860541
17.340927
0.286834
25.832253
7.240678
8.118263
7.871276
9.769677
5.853130
0.761674
0.171628
0.294433
0.151996
5.610560
28.826188
4.678292
17.589975
6.103926
39.136780
4.420033
16.790202
11.532665
14.450493
5.557543
1.761385
8.351896
4.178017
13.179951
0.769930
10.115944
1.760378
8.052869
0.731876
0.952815
9.763154
23.299556
4.980568
4.117198
14.363079
7.560345
0.593593
1.566862
0.995180
28.827694
30.420248
9.847692
13.601934
6.206777
5.229260
0.710262
4.329976
11.782760
2.339183
4.807297
1.209334
2.566281
0.839814
3.456927
2.427168
19.773194
18.852208
1.216266
19.849069
6.664686
5.670866
8.615350
7.559175
1.722131
15.999122
8.119020
3.139393
6.180423
17.997481
2.888460
4.305893
2.080939
2.862275
2.504370
29.921912
13.651699
4.810791
3.366864
3.844982
0.150690
0.401510
2.271312
4.769248
2.901151
24.634679
0.004220
2.856983
1.189823
8.107046
1.328184
6.505036
3.282060
5.017331
5.891063
8.542834
14.849272
1.198402
7.068136
5.937127
7.735851
19.166971
8.032099
21.797491
18.271064
8.796880
1.378475
15.227541
6.198479
14.189952
1.349258
8.294488
12.041987
7.169831
1.198191
1.562337
1.382970
0.270525
3.714565
1.948893
2.446404
3.948682
1.844753
0.629813
33.829807
6.652650
3.482849
44.824367
1.057249
0.029823
5.229282
0.245336
2.010741
0.716191
12.252279
6.047465
14.053528
9.733002
0.647934
2.121408
19.249561
8.984830
18.849122
15.167026
7.967762
2.941659
0.621507
0.726158
5.523429
0.255358
0.337348
0.361799
0.497835
1.220431
7.451735
0.211151
0.526300
1.036370
0.590671
5.550437
0.008213
1.021860
2.178617
0.826219
3.100076
4.741704
2.442313
0.797180
15.100240
5.850554
7.999356
1.746934
1.185939
3.311808
7.775409
1.360539
7.594279
9.350135
13.700529
0.381215
36.519713
0.026942
1.491110
2.027739
1.519143
4.999382
0.986894
0.242632
0.468519
0.203109
0.397638
0.930638
2.201092
0.844245
0.729827
0.544835
2.912146
0.679741
0.581326
0.522663
0.329275
0.216303
0.809430
4.520740
1.656200
0.001103
0.133989
2.680970
0.866836
0.277019
1.109114
0.067925
18.560774
1.228781
2.070717
2.475649
0.072455
0.588098
5.437131
16.881064
2.942069
2.259150
5.506233
4.515340
7.507788
11.145221
0.908097
5.866290
3.764062
7.670316
2.753885
8.024439
1.110077
16.851193
20.361673
0.515306
0.988467
1.108178
13.364912
0.703833
3.909217
0.023807
5.736743
0.493444
3.606420
0.800787
0.956837
0.801418
1.232773
0.683809
0.583848
0.322844
0.920221
2.524457
3.146122
1.138697
1.856654
2.526023
1.334920
1.586273
2.947046
3.869102
0.040602
0.249346
2.912205
4.485029
1.195019
1.748142
1.412107
0.078989
0.368961
1.000572
0.046326
0.360122
1.223060
0.310392
2.175166
3.092045
0.625928
0.543197
2.533594
0.132029
0.603202
0.568094
0.482933
5.930999
21.358245
34.003877
4.641409
47.103912
14.298097
3.744527
16.671314
16.229587
20.788474
32.850458
7.416774
5.399437
47.397243
5.426292
27.490566
21.530691
2.936893
2.599093
2.568458
10.175030
1.837167
2.511221
1.465396
2.518707
2.489461
1.806670
2.320109
6.316845
8.800024
3.813246
5.361911
25.152512
11.240892
3.758532
2.146886
8.819116
1.153120
39.069205
0.077432
0.439036
12.595037
5.450927
23.756175
4.648916
11.905074
17.869430
2.066723
3.223432
3.682127
13.347563
7.771457
0.799715
10.555612
3.472638
9.001279
20.201880
4.505561
12.923505
18.633324
8.204355
11.521619
2.247824
1.436909
1.739908
1.444100
3.856366
14.234195
5.795364
7.722776
6.353329
0.589818
1.975148
17.031940
0.949911
2.899099
14.248531
0.554460
26.513541
20.259661
1.848627
2.778461
15.517390
2.948536
2.459870
3.468968
15.600799
6.079386
18.851567
1.735910
17.154134
16.977936
13.085824
0.198234
1.823301
0.940676
0.060214
0.715754
0.262074
3.118481
0.420354
1.268008
2.759118
0.978958
1.091041
1.480292
4.835463
1.632373
3.610831
1.041251
0.597039
3.766724
0.537438
8.494506
0.802138
3.791790
0.146100
1.602293
1.973707
0.562789
0.109019
1.118298
3.186250
1.666497
0.233764
0.915481
0.936706
0.678815
0.599938
0.390689
0.039422
0.760009
0.888911
0.522008
9.358585
4.860363
0.418918
2.539491
2.311675
1.964363
1.064938
0.118733
2.321615
0.425846
7.106153
2.518741
0.564607
0.590069
0.435734
2.664256
1.681679
0.036169
1.519051
0.721390
0.225539
0.514682
0.032063
0.547286
0.191361
5.335310
1.947892
3.401072
7.098873
19.952517
1.450725
1.005446
2.569783
9.258772
3.064703
3.438418
0.065823
0.327030
0.168547
0.081754
2.673651
0.638126
0.667070
0.651508
1.924620
1.156127
1.461054
4.126979
0.482570
1.643048
0.369709
0.442137
0.239740
1.342597
0.456017
0.654195
1.768723
1.706283
2.338766
7.369234
5.860556
0.347491
47.454055
4.519592
2.447536
4.327367
3.002453
0.393964
12.565927
2.593506
9.110209
8.674425
17.089183
0.739352
9.418656
2.865844
3.135258
0.136160
2.279957
0.281131
5.930889
4.096110
15.764654
1.589163
2.851999
1.120312
0.165502
35.788535
7.333501
17.094176
18.193547
11.886550
8.997307
0.996078
7.771014
34.953360
31.657372
44.086363
17.444170
5.544507
0.644571
0.350212
0.464559
0.027430
3.780201
1.796140
1.029295
0.929480
23.559626
0.477194
0.909259
18.968892
5.113313
14.001325
2.422409
1.249765
17.614534
12.674786
3.314514
9.147669
7.828201
44.431906
17.834501
8.582576
8.090870
0.093629
6.163160
8.930247
15.822085
9.003222
5.836220
1.829263
2.843376
2.453307
1.199504
1.110308
2.636665
0.663080
0.251737
3.443252
1.006669
0.661992
2.781734
0.757457
0.670162
2.083972
4.480182
4.140995
1.163737
1.467083
3.735664
0.686156
1.182129
4.123505
0.212618
0.386371
3.444656
3.354159
1.371239
0.609559
0.821599
0.003981
1.780428
6.854932
0.757997
1.463763
0.982820
1.613523
0.837798
0.153802
1.446231
1.153668
0.773874
0.354862
0.161355
0.285577
0.115640
0.323142
0.088715
4.376041
2.758751
0.078324
0.079695
2.300538
0.109322
1.216165
2.998388
4.631218
3.779354
0.177571
0.914342
0.280337
2.703633
0.143817
1.636432
0.085160
4.487393
0.794835
0.688285
2.664829
1.014895
0.933137
0.112959
0.227174
0.708100
0.518425
1.325993
4.111693
0.204223
8.400402
1.829567
0.463898
1.634332
2.033256
0.624151
1.522313
2.104772
0.022041
1.115417
4.783375
1.691623
2.619291
2.101492
2.680627
4.198604
0.788301
7.564462
7.708043
1.177489
5.123031
14.296907
17.891092
10.574947
5.805208
9.783254
31.437819
1.663976
3.569720
35.892714
3.969482
0.289006
5.103798
9.411378
6.126954
11.693246
4.151740
8.242301
0.502341
2.148275
3.851893
4.224770
14.081250
3.433850
2.251041
15.626966
51.251656
5.254923
6.181357
16.031182
0.323178
3.411535
2.761094
10.400630
2.165994
2.446578
27.146546
6.726496
1.087138
7.455647
26.349977
1.579946
7.708983
1.557194
0.936043
4.726099
10.232980
3.098686
2.103313
7.560049
12.012726
15.207338
16.222252
1.029284
7.051548
3.257301
5.628146
9.946943
6.593637
23.209962
12.398575
6.139235
14.875775
20.037210
6.587203
9.008607
8.915775
17.510125
39.270582
18.725192
11.286019
14.186743
8.597752
8.288676
2.263257
1.151238
2.428034
0.479938
2.794499
0.284609
3.271778
0.398690
1.919793
1.107778
0.229312
0.160120
0.338227
0.247998
0.008553
6.576280
3.436805
1.539340
3.907690
20.893442
3.258388
1.814225
2.522393
5.484348
0.982532
3.844996
4.380479
1.949302
2.233059
1.529729
0.027946
4.057895
3.057654
1.914532
7.469844
37.238291
0.601975
9.790047
1.896460
12.034023
0.248807
0.964949
2.272571
0.204832
0.890941
0.178100
0.481410
0.277968
0.073663
5.526398
0.820229
0.881482
0.981234
0.119548
1.341887
2.967159
3.033580
2.654538
0.107485
0.384332
0.178460
0.544804
0.551891
1.093819
1.504660
0.636363
3.243373
1.398523
0.567800
0.151499
2.609953
1.896495
0.051628
0.511347
0.017490
0.642519
1.459603
0.079147
1.047937
0.310466
0.008016
0.371257
0.324633
1.321147
0.250549
3.459260
0.740072
1.103085
1.114847
0.600680
0.941012
0.685998
0.858768
1.678502
0.734971
0.379926
0.337219
0.087454
0.349658
8.921078
0.268065
4.002487
0.277963
3.779825
0.900382
2.395563
0.597339
1.357441
0.249423
0.416140
4.310629
4.138099
9.141806
2.446371
0.662186
0.709876
0.300500
2.313328
4.046203
8.357580
3.798399
1.378683
7.403438
4.364486
6.526938
7.017896
14.671044
36.261089
0.663561
4.955725
1.217473
0.114864
0.128367
0.387044
10.356739
5.849303
2.659131
5.178157
5.348519
0.472430
0.873053
1.909457
22.964204
5.018803
11.272187
6.310836
0.170195
1.074448
3.017246
2.126157
0.698133
0.681818
3.554562
2.143023
0.484245
0.323903
0.095514
1.798374
1.767237
0.275820
0.076519
1.360644
0.438183
0.242758
1.184474
4.913894
0.087072
1.931192
0.459520
1.305024
0.714909
0.109118
0.266420
0.361188
0.028555
10.618477
0.181842
0.100321
1.746552
0.611131
1.893022
3.104487
5.659324
4.005559
1.822920
0.448871
0.134561
2.196649
1.547383
0.387861
0.908207
1.041264
0.052528
3.544391
0.136369
0.708161
0.337849
2.263224
0.319173
1.583235
1.288941
0.046168
1.090754
0.935057
0.688458
0.118696
1.368236
2.163090
5.080360
3.858578
9.794114
0.440386
7.618694
0.633249
3.815387
3.630928
2.869602
11.659350
0.353357
4.342757
2.862161
0.026826
42.569779
12.914969
1.652285
12.612461
4.643625
11.775691
3.587416
2.017668
5.615356
1.683537
2.306944
0.216116
1.062102
1.537725
1.309594
3.062520
2.757647
2.694050
9.699821
8.231459
13.381016
31.485135
14.856662
24.261482
31.795971
7.233878
12.725606
15.303506
1.201537
11.517150
1.054091
0.792550
18.422541
2.412987
5.943147
2.006754
0.922025
16.289397
5.887394
5.614101
22.581896
7.240842
8.991665
0.145454
14.949562
1.997435
3.519619
7.433331
3.431536
6.027779
5.368630
21.787604
7.225208
0.005550
4.659765
3.452561
0.120096
0.918153
0.979046
0.031567
1.496226
0.837412
4.538531
0.605751
0.660203
2.151099
3.681480
0.750831
2.986199
0.963313
0.349172
1.323801
0.525339
0.259583
1.353519
0.535299
8.577968
0.390729
0.501628
1.357499
2.713641
0.044848
1.957886
1.485606
17.801596
3.431735
20.889311
5.492199
0.232546
1.836194
0.197717
1.066849
2.232088
0.656950
6.229711
0.188052
0.866092
0.938084
0.449808
0.445033
0.717187
0.562880
0.404536
5.151416
1.988976
4.144913
1.650554
0.953089
0.714314
1.296613
0.096899
0.424999
1.166991
0.356894
0.969039
0.718852
0.188801
2.638541
1.365718
2.829172
0.475181
1.605302
0.099068
4.359172
3.390388
7.398399
1.381893
1.836636
1.234449
2.668237
2.708699
0.515315
8.940994
3.387973
1.054269
0.789611
1.017982
0.027042
2.867683
0.356888
0.042205
1.265346
0.064951
0.577079
5.497390
0.385577
2.762804
1.402440
1.042361
0.521132
1.528048
0.396878
1.507551
17.411221
9.068764
6.769235
5.469437
23.144042
0.076597
2.189061
14.663652
19.695536
8.120249
5.928999
5.355160
1.875940
5.307577
9.435590
1.514959
1.325978
14.117171
11.625097
4.956302
0.548770
0.064919
8.677843
24.131368
12.157359
2.200701
35.850635
5.827644
6.021251
0.861609
0.398962
1.022115
1.448754
0.267689
1.619482
5.591158
1.622958
0.937152
4.039256
0.630580
3.241317
0.438690
1.772526
0.653779
0.592047
1.460451
2.363027
0.031793
3.123334
1.838370
1.099409
19.026377
23.465443
4.539005
0.735649
0.650635
0.789711
0.768656
0.190238
0.330331
0.106320
1.088954
0.091753
0.280491
7.260174
18.623938
0.550417
10.482299
10.455818
0.808867
23.992139
0.211238
1.378533
0.638252
3.857825
1.730806
0.157187
1.769004
3.119880
0.597566
0.657134
0.068345
1.158069
0.018415
0.299849
15.679222
0.196544
3.645551
12.880043
6.974015
7.120147
6.354266
1.651435
28.622071
17.066503
2.000055
2.125354
3.903593
12.744299
10.436510
4.665247
0.324005
2.416366
14.181197
10.021624
2.713589
0.622363
0.568314
3.131570
0.364865
12.866297
20.135248
19.259798
1.080101
2.375338
1.100293
1.325791
0.016903
0.147038
0.472723
18.897434
12.478603
5.615801
7.207845
16.020318
13.085627
1.713389
2.353243
4.058522
0.758176
12.869281
24.434714
4.669755
9.642835
5.872828
10.715359
5.257102
9.696790
10.207282
27.663533
2.326423
3.223406
43.616977
7.033254
4.005287
13.706564
3.459362
0.024134
4.884503
33.835686
0.361463
10.545189
19.199496
4.996999
3.820074
5.372114
6.856374
8.219808
26.811767
1.381296
0.177153
0.846656
0.322696
2.361260
1.592969
1.269294
0.880536
0.979910
0.180838
2.821291
2.455496
1.030513
2.288642
0.910824
1.675357
0.412922
1.573646
0.463890
6.401494
8.005004
7.978832
7.990556
10.915392
8.951408
13.610511
3.846876
1.211126
1.231850
10.386454
2.518525
7.687523
19.389906
23.060167
4.354086
6.919560
10.323359
7.842644
2.251278
0.769855
1.794339
1.559222
0.469635
1.315379
0.329782
0.820842
0.682258
0.269930
0.979943
1.323383
0.142254
0.337975
3.437832
1.837604
1.791088
0.858989
1.608992
2.219703
0.008559
1.658773
21.063297
20.764853
37.175760
10.761186
1.102232
9.204220
5.540197
17.938041
7.381256
20.995758
31.821152
0.506029
7.874569
13.532601
4.258856
4.499739
2.983116
0.898729
0.853382
24.648871
4.881341
19.738472
11.556534
23.777702
2.623441
0.505723
2.202814
0.005022
1.977189
0.166274
2.096485
0.300130
1.010315
0.804310
1.974769
2.009142
2.073501
9.803814
12.142720
45.009703
7.501318
7.406123
0.841643
1.464427
7.579159
12.724773
18.531378
9.355363
1.830423
0.594973
2.894812
4.976680
1.685513
2.952395
5.989376
5.553686
1.883272
5.155453
7.465736
3.562835
1.222443
2.128321
4.573245
13.344756
23.086138
4.011793
2.909333
34.724910
0.226207
0.433258
28.666680
17.403778
0.535299
11.218374
10.089050
1.031350
12.484300
2.421143
22.501450
0.123992
0.898753
17.276274
6.837530
23.253526
13.573992
21.917017
0.227844
14.310332
4.568873
1.817568
18.426277
11.167904
0.997083
10.326456
7.268654
9.514391
0.004594
11.775677
3.343166
3.375697
11.815987
23.800451
26.394617
6.719441
10.850562
0.745754
1.916451
9.916919
4.655648
2.728459
13.957534
5.594428
1.414201
13.450652
23.273761
6.241904
10.936623
2.931245
3.801400
10.745350
5.907208
4.745087
18.826592
5.865881
20.195327
3.792678
8.227490
0.651781
12.663950
20.701112
29.537963
13.209624
23.519144
23.378145
13.780256
0.015573
6.941089
39.693107
2.565713
11.018265
13.800164
0.520274
1.030224
3.368523
16.605011
13.353693
1.254868
0.997644
0.091064
0.755601
0.780470
1.014960
0.946880
3.595290
1.095267
1.661113
1.015633
0.717677
2.428533
0.922443
0.008981
1.263571
2.539516
4.786791
2.568519
1.577423
2.024007
1.163474
5.604815
0.723262
0.371598
0.067297
0.262042
12.785685
18.723483
5.787283
0.194105
0.255913
2.806302
0.505283
39.357163
12.216671
7.230771
3.392138
3.118519
10.812698
4.508006
5.934609
11.677353
15.893747
14.216715
3.998947
11.819211
1.334695
3.050483
15.116847
0.333814
0.177567
4.238733
17.958855
16.925641
9.453629
11.298571
8.201911
13.097176
3.687616
4.303043
11.021465
14.273131
10.378489
1.697161
1.643680
2.933794
2.883617
3.374658
7.667416
6.602259
15.109237
10.159618
7.947651
5.481941
0.949343
8.429019
7.984654
17.335309
23.391635
4.143385
4.489399
20.874111
1.333151
3.419490
0.464388
1.843944
9.401056
1.959675
11.788361
1.571206
1.874049
4.564833
10.032263
19.353352
10.016353
17.718199
0.115951
0.647156
4.563575
7.561491
18.157435
2.228569
10.834956
21.642458
1.999286
1.458566
1.802128
23.788863
1.728609
3.740149
16.772663
2.553798
9.342318
6.663271
6.247249
1.810027
6.846653
10.724145
3.277229
1.214166
0.196580
0.858885
0.167006
0.507508
2.683322
0.776906
1.201260
1.233161
0.272030
0.818701
1.038779
0.189122
2.342756
2.784034
0.468378
0.059927
0.106720
3.318956
0.926849
0.114630
0.060697
0.353394
2.051496
0.934976
0.445534
1.359610
1.265983
0.590228
2.536202
1.011230
3.243008
2.564103
1.125540
1.026548
1.733117
0.440179
0.472149
0.486098
0.381083
0.045031
1.825222
4.258503
1.941146
0.905275
2.272476
6.059051
0.774157
12.738372
2.709390
1.929111
8.424240
3.439876
15.329121
16.423037
0.208185
4.706936
2.526442
16.487702
8.951011
4.906157
24.779987
1.966633
12.245156
3.630695
0.321764
15.010129
17.095969
5.399754
9.982820
14.795504
4.779014
0.036745
0.112633
0.542039
0.418309
0.502605
0.275274
0.578876
5.003471
0.937572
0.412045
0.563660
0.952310
0.650747
1.533093
0.008915
0.379366
0.226926
4.665068
1.535493
9.036347
2.590378
2.054524
0.122406
0.312597
1.906252
2.212031
0.789034
1.432655
0.925757
3.862092
0.921250
0.495812
0.014003
0.193266
0.675120
0.289601
2.275867
1.314711
0.264296
2.450209
0.526181
0.003174
1.077682
0.864305
4.110647
2.217620
2.722342
1.656137
4.039357
0.164693
0.477581
2.752708
2.064448
0.776534
0.505365
2.380178
11.038056
14.588267
3.214285
7.444616
1.188656
3.635969
5.418166
3.874166
4.070730
1.847022
0.336899
18.381545
0.815301
0.050291
6.817118
0.327261
3.514808
0.279220
0.783090
2.894335
2.164942
0.689667
1.442653
0.410453
0.645654
0.083070
3.546994
4.372889
0.280942
3.993310
2.300063
0.737428
0.147391
2.025168
1.513564
0.415138
0.947158
0.023773
4.691795
0.444980
0.940737
0.537333
0.310373
0.393255
1.791186
0.594114
4.074361
1.411797
3.940146
0.358866
1.003644
0.727814
0.668471
0.566540
0.716525
0.289557
2.890041
1.054475
8.459287
1.553739
0.725231
0.628230
1.322675
0.996362
1.800463
1.824019
1.420458
0.055133
3.270405
0.071520
0.137344
2.038421
1.421197
1.930792
3.292254
1.501066
3.029938
2.737659
1.169750
4.454970
3.078304
2.666515
0.664924
2.709587
0.270624
0.122735
0.820754
2.178928
1.821663
5.295021
3.355602
5.115395
3.703882
13.788065
5.580564
0.104233
14.593595
0.010999
27.157323
3.380967
0.046330
0.287294
0.386869
3.619822
1.681814
0.576244
0.684948
0.876105
0.332717
0.307226
1.202526
0.866364
0.462884
1.492573
0.551624
0.894467
1.974636
0.249265
0.752704
18.106026
13.959115
6.172891
22.474320
2.332460
3.760117
4.557149
6.960139
0.556527
18.006635
14.497545
3.119530
14.140252
7.989926
8.192567
0.604096
8.842508
17.897616
7.962269
2.517207